% -------------------------------------------------------------------
%  Generated by MATLAB on 2-Nov-2016 23:35:28
%  MATLAB version: 9.1.0.441655 (R2016b)
% -------------------------------------------------------------------
                                 

a = ...
  [1 2 3 4;
   5 4 3 2;
   1 2 3 3];

ans = 4;

i = 2;

j = 4;

m = 2;

n = 4;

